relu1_1->42
relu1_2->
pool1->
relu2_1->
relu2_2->28,69,102
pool2->69,102
relu3_1->116,117,150,181
relu3_2->126,177,223
relu3_3->11,32,40,48,51,59,98,109,117,122,132,135,144,151,173
pool3->11,12,117,132,144,151,173
relu4_1->26,42,94,116,164,179,232,246,253,271,308,312,323,412,440,446,466,470,496
relu4_2->34,75,77,163,168,182,205,370,374,397,481,508
relu4_3->0,33,58,104,105,167,235,238,339,388,442,446
pool4->0,15,33,104,105,138,157,173,235,238,273
relu5_1->24,81,133,143,198,272,402,467
relu5_2->96,193
relu5_3->233
pool5->47,233
relu6->
relu7->