conv1_1,42
conv2_2,28,69,102
pool2,69,102
conv3_1,116,181,150,117
conv3_2,177,126,223
conv3_3,32,48,98,132,135,40,11,173,109,144,51,117,151,122,59
pool3,132,11,12,173,144,117,151
conv4_1,323,164,470,232,42,271,496,440,466,179,308,446,246,312,116,26,412,253,94
conv4_2,481,34,163,374,168,75,397,77,205,182,370,508
conv4_3,0,33,388,167,104,105,235,238,339,58,442,446
pool4,0,33,104,105,138,235,173,238,15,273,157
conv5_1,133,198,143,272,81,402,467,24
conv5_2,96,193
conv5_3,233
pool5,233,47
fc6,2802
fc7,2645
